playerLocations:
  965f3bdf-7172-38df-a962-eb12e66612ab:
    world: world
    x: 692.5836949978126
    y: 98.32633780249549
    z: -382.56713532388267
    yaw: 165.90042
    pitch: 3.4499555
